0 0.512821 0.274127 0.042363 0.067762
0 0.086399 0.588296 0.052397 0.100616
0 0.052954 0.685832 0.023411 0.028747
0 0.131550 0.671458 0.022297 0.024641
0 0.189521 0.679671 0.022297 0.024641
0 0.200669 0.502053 0.037904 0.055441
0 0.397436 0.714579 0.016722 0.032854
0 0.473244 0.632444 0.025641 0.028747
0 0.555184 0.732033 0.035674 0.039014
0 0.614827 0.697125 0.034560 0.030801
0 0.745819 0.713552 0.026756 0.018480
0 0.738573 0.397331 0.021182 0.039014
0 0.431996 0.094456 0.018952 0.024641
