0 0.139911 0.185832 0.041249 0.039014
0 0.258082 0.205339 0.094760 0.078029
0 0.191750 0.258727 0.015608 0.020534
0 0.192308 0.314168 0.014493 0.036961
0 0.211817 0.527721 0.015608 0.041068
0 0.285396 0.731006 0.020067 0.024641
0 0.241360 0.689938 0.034560 0.041068
0 0.315496 0.879877 0.051282 0.055441
0 0.314381 0.578029 0.031215 0.047228
0 0.684504 0.406571 0.069119 0.053388
0 0.627648 0.671458 0.031215 0.045175
0 0.820513 0.396304 0.020067 0.024641
0 0.394649 0.154004 0.022297 0.032854
