0 0.228540 0.224846 0.033445 0.030801
0 0.035674 0.618070 0.013378 0.028747
0 0.286511 0.673511 0.044593 0.028747
0 0.366778 0.213552 0.040134 0.069815
0 0.416388 0.145791 0.016722 0.086242
0 0.521182 0.231006 0.045708 0.039014
0 0.572464 0.148871 0.025641 0.047228
0 0.549052 0.385010 0.030100 0.030801
0 0.653846 0.524641 0.023411 0.018480
0 0.712932 0.531828 0.039019 0.024641
0 0.702341 0.748460 0.024526 0.039014
0 0.778149 0.593429 0.055741 0.106776
0 0.790970 0.474333 0.025641 0.036961
