0 0.158305 0.413758 0.013378 0.043121
0 0.182832 0.487680 0.028986 0.034908
0 0.317726 0.395277 0.022297 0.022587
0 0.399108 0.431211 0.022297 0.032854
0 0.334448 0.324435 0.031215 0.032854
0 0.392419 0.245380 0.033445 0.030801
0 0.344482 0.216632 0.022297 0.034908
0 0.337793 0.250513 0.015608 0.028747
0 0.302118 0.227926 0.022297 0.032854
0 0.287068 0.196099 0.016722 0.030801
0 0.303790 0.174538 0.018952 0.028747
0 0.333891 0.121150 0.025641 0.041068
0 0.275362 0.139630 0.020067 0.028747
0 0.250836 0.194045 0.015608 0.018480
0 0.219621 0.212526 0.015608 0.018480
0 0.246377 0.240246 0.015608 0.012320
