0 0.272575 0.416838 0.027871 0.032854
0 0.264214 0.450719 0.020067 0.022587
0 0.253623 0.474333 0.016722 0.016427
0 0.239688 0.428131 0.013378 0.030801
0 0.232999 0.472279 0.013378 0.024641
0 0.213489 0.491786 0.021182 0.026694
0 0.240803 0.507187 0.015608 0.028747
0 0.210702 0.630390 0.013378 0.041068
0 0.235229 0.674538 0.011148 0.039014
0 0.311037 0.550308 0.013378 0.028747
0 0.308250 0.593429 0.016722 0.024641
0 0.337235 0.618070 0.012263 0.028747
0 0.365106 0.597536 0.027871 0.036961
0 0.333891 0.481520 0.016722 0.026694
0 0.294872 0.466119 0.025641 0.024641
0 0.274805 0.483573 0.014493 0.018480
0 0.301561 0.497947 0.012263 0.022587
