0 0.444816 0.656057 0.049052 0.063655
0 0.369008 0.605749 0.031215 0.049281
0 0.347269 0.754620 0.045708 0.051335
0 0.406355 0.812115 0.041249 0.034908
0 0.505017 0.835729 0.022297 0.020534
0 0.680602 0.845996 0.045708 0.045175
0 0.874582 0.854209 0.050167 0.053388
0 0.871237 0.293634 0.061315 0.053388
0 0.692308 0.246407 0.057971 0.041068
0 0.592531 0.322382 0.027871 0.032854
0 0.555184 0.498973 0.162765 0.135524
0 0.275920 0.313142 0.076923 0.125257
0 0.198997 0.542094 0.050167 0.045175
0 0.081382 0.583162 0.060201 0.078029
0 0.018395 0.496920 0.034560 0.053388
0 0.079153 0.095483 0.044593 0.104723
0 0.553512 0.142710 0.025641 0.055441
