0 0.219621 0.060575 0.060201 0.047228
0 0.322742 0.095483 0.061315 0.067762
0 0.204013 0.326489 0.024526 0.036961
0 0.308250 0.357290 0.021182 0.041068
0 0.173913 0.468172 0.046823 0.045175
0 0.017837 0.342916 0.013378 0.049281
0 0.095318 0.683778 0.016722 0.012320
0 0.255295 0.667351 0.031215 0.053388
0 0.270346 0.918891 0.050167 0.043121
0 0.372352 0.824435 0.046823 0.043121
0 0.824972 0.447639 0.057971 0.057495
0 0.701784 0.945585 0.103679 0.051335
0 0.882943 0.962012 0.080268 0.067762
0 0.604794 0.643737 0.110368 0.047228
0 0.496098 0.588296 0.053512 0.055441
0 0.467670 0.332649 0.030100 0.032854
0 0.497770 0.114990 0.021182 0.008214
0 0.819398 0.275154 0.035674 0.057495
0 0.890190 0.534908 0.027871 0.059548
0 0.943144 0.506160 0.026756 0.055441
0 0.737458 0.059548 0.025641 0.045175
0 0.840580 0.119097 0.060201 0.069815
0 0.664437 0.281314 0.022297 0.041068
