0 0.210145 0.264887 0.045708 0.061602
0 0.144928 0.621150 0.051282 0.055441
0 0.225195 0.666324 0.040134 0.039014
0 0.061315 0.046201 0.017837 0.026694
0 0.070234 0.306982 0.024526 0.071869
0 0.143813 0.114990 0.017837 0.032854
0 0.407469 0.169405 0.050167 0.039014
0 0.282609 0.328542 0.081382 0.057495
0 0.049610 0.818275 0.027871 0.026694
0 0.272018 0.831622 0.231884 0.151951
0 0.386288 0.726899 0.018952 0.036961
0 0.446488 0.868583 0.027871 0.061602
0 0.642140 0.681725 0.231884 0.168378
0 0.828317 0.526694 0.051282 0.055441
0 0.716834 0.395277 0.049052 0.047228
0 0.647715 0.018480 0.028986 0.028747
0 0.444259 0.495893 0.036789 0.051335
0 0.258640 0.363450 0.035674 0.041068
