0 0.487179 0.208419 0.060201 0.059548
0 0.305463 0.082136 0.037904 0.045175
0 0.283166 0.288501 0.020067 0.067762
0 0.211817 0.305955 0.024526 0.028747
0 0.112598 0.323409 0.024526 0.026694
0 0.130435 0.017454 0.028986 0.026694
0 0.016165 0.455852 0.030100 0.045175
0 0.190078 0.802875 0.041249 0.057495
0 0.239688 0.625257 0.055741 0.055441
0 0.370123 0.803901 0.046823 0.034908
0 0.604794 0.639630 0.047938 0.080082
0 0.643813 0.856263 0.045708 0.028747
0 0.716276 0.642710 0.036789 0.053388
0 0.708473 0.425051 0.039019 0.045175
0 0.884615 0.387064 0.032330 0.063655
0 0.932553 0.268994 0.027871 0.041068
0 0.798774 0.128337 0.030100 0.047228
0 0.729097 0.126283 0.026756 0.026694
0 0.662207 0.130390 0.026756 0.075975
