0 0.081940 0.201232 0.036789 0.041068
0 0.154404 0.072895 0.043478 0.039014
0 0.448161 0.485626 0.035674 0.067762
0 0.401895 0.552361 0.043478 0.036961
0 0.183389 0.837782 0.041249 0.053388
0 0.099220 0.926078 0.075808 0.114990
0 0.058528 0.644764 0.047938 0.119097
0 0.110368 0.511294 0.073579 0.106776
0 0.141583 0.375770 0.040134 0.110883
0 0.281494 0.373717 0.034560 0.036961
0 0.327202 0.208419 0.027871 0.051335
0 0.483278 0.080082 0.027871 0.028747
0 0.433668 0.261807 0.015608 0.043121
0 0.729654 0.501027 0.045708 0.094456
0 0.672241 0.661191 0.035674 0.082136
0 0.759197 0.783368 0.042363 0.063655
0 0.588071 0.868583 0.027871 0.041068
0 0.752508 0.239220 0.040134 0.055441
0 0.663322 0.332649 0.060201 0.036961
0 0.562430 0.016427 0.021182 0.020534
0 0.792642 0.141684 0.057971 0.045175
0 0.855072 0.028747 0.026756 0.032854
0 0.182832 0.012320 0.031215 0.016427
