0 0.071906 0.127310 0.018952 0.036961
0 0.119287 0.200205 0.024526 0.039014
0 0.188406 0.387064 0.069119 0.075975
0 0.291527 0.140657 0.036789 0.026694
0 0.394649 0.263860 0.020067 0.047228
0 0.311594 0.387064 0.056856 0.018480
0 0.289855 0.545175 0.044593 0.125257
0 0.175585 0.575975 0.025641 0.030801
0 0.158863 0.770021 0.059086 0.049281
0 0.311037 0.724846 0.098105 0.114990
0 0.360647 0.621150 0.021182 0.034908
0 0.442586 0.614990 0.008919 0.018480
0 0.453177 0.907598 0.025641 0.024641
0 0.648272 0.830595 0.052397 0.051335
0 0.678930 0.909651 0.051282 0.057495
0 0.612598 0.587269 0.045708 0.049281
0 0.601449 0.683778 0.092531 0.102669
0 0.749721 0.614990 0.150502 0.236140
0 0.732999 0.255647 0.081382 0.190965
0 0.584169 0.148871 0.028986 0.030801
0 0.589744 0.040041 0.024526 0.051335
0 0.547380 0.253593 0.035674 0.047228
0 0.461538 0.169405 0.037904 0.051335
