0 0.564660 0.181725 0.041249 0.075975
0 0.643255 0.124230 0.064660 0.051335
0 0.777592 0.014374 0.052397 0.024641
0 0.769231 0.491786 0.031215 0.067762
0 0.710145 0.792608 0.033445 0.032854
0 0.647715 0.806982 0.011148 0.028747
0 0.663322 0.849076 0.017837 0.026694
0 0.773133 0.757700 0.014493 0.036961
0 0.148272 0.381930 0.024526 0.041068
0 0.149944 0.178645 0.061315 0.057495
0 0.238573 0.057495 0.053512 0.057495
0 0.302118 0.275154 0.086957 0.102669
0 0.111483 0.907598 0.055741 0.102669
0 0.237458 0.778234 0.020067 0.086242
0 0.211260 0.644764 0.041249 0.024641
0 0.290970 0.507187 0.042363 0.032854
0 0.404682 0.419918 0.033445 0.059548
0 0.016722 0.063655 0.028986 0.024641
0 0.682274 0.345996 0.031215 0.047228
0 0.851171 0.225873 0.023411 0.028747
