0 0.031215 0.077002 0.024526 0.039014
0 0.025641 0.300821 0.022297 0.026694
0 0.031215 0.691992 0.013378 0.032854
0 0.151059 0.786448 0.096990 0.069815
0 0.106466 0.475359 0.059086 0.034908
0 0.215719 0.393224 0.014493 0.067762
0 0.255853 0.714579 0.023411 0.032854
0 0.405240 0.819302 0.221851 0.147844
0 0.444259 0.443532 0.096990 0.234086
0 0.357860 0.182752 0.026756 0.049281
0 0.571349 0.087269 0.059086 0.039014
0 0.628763 0.339836 0.060201 0.071869
0 0.687291 0.402464 0.025641 0.045175
0 0.685619 0.781314 0.049052 0.059548
0 0.821628 0.674538 0.020067 0.022587
0 0.803790 0.398357 0.033445 0.036961
0 0.858974 0.125257 0.030100 0.053388
0 0.731327 0.168378 0.051282 0.049281
