0 0.815496 0.818275 0.070234 0.092402
0 0.874025 0.621150 0.057971 0.215606
0 0.795987 0.398357 0.055741 0.110883
0 0.654961 0.539014 0.079153 0.141684
0 0.697882 0.488706 0.033445 0.036961
0 0.492196 0.827515 0.143813 0.106776
0 0.378484 0.695072 0.076923 0.100616
0 0.386288 0.358316 0.068004 0.071869
0 0.334448 0.528747 0.017837 0.071869
0 0.245262 0.503080 0.064660 0.061602
0 0.192865 0.694045 0.102564 0.180698
0 0.062988 0.481520 0.105909 0.129363
0 0.177815 0.268994 0.023411 0.049281
0 0.267001 0.332649 0.036789 0.036961
0 0.239130 0.140657 0.076923 0.047228
0 0.408027 0.083162 0.082497 0.059548
0 0.536232 0.047228 0.026756 0.024641
0 0.547380 0.164271 0.040134 0.049281
0 0.454849 0.265914 0.033445 0.026694
0 0.502230 0.428131 0.034560 0.063655
0 0.564103 0.257700 0.031215 0.039014
0 0.365663 0.226899 0.020067 0.039014
0 0.310479 0.039014 0.043478 0.016427
0 0.189521 0.046201 0.033445 0.026694
0 0.136566 0.092402 0.027871 0.032854
0 0.124861 0.175565 0.006689 0.030801
