0 0.052397 0.084189 0.035674 0.057495
0 0.062988 0.146817 0.036789 0.051335
0 0.220736 0.210472 0.037904 0.063655
0 0.131550 0.378850 0.011148 0.071869
0 0.225195 0.352156 0.017837 0.030801
0 0.269788 0.371663 0.024526 0.032854
0 0.272575 0.631417 0.047938 0.047228
0 0.289855 0.732033 0.044593 0.030801
0 0.064660 0.657084 0.028986 0.036961
0 0.427536 0.477413 0.059086 0.075975
0 0.550167 0.720739 0.036789 0.057495
0 0.863991 0.661191 0.051282 0.053388
0 0.826087 0.784394 0.093645 0.078029
0 0.651059 0.452772 0.118172 0.310062
0 0.512263 0.412731 0.056856 0.073922
0 0.683389 0.059548 0.080268 0.102669
0 0.944259 0.174538 0.069119 0.131417
