0 0.350056 0.102669 0.037904 0.036961
0 0.451505 0.103696 0.049052 0.051335
0 0.614270 0.027721 0.046823 0.034908
0 0.499443 0.190965 0.015608 0.045175
0 0.434783 0.214579 0.006689 0.022587
0 0.427536 0.415811 0.021182 0.059548
0 0.101449 0.715606 0.055741 0.071869
0 0.063545 0.477413 0.031215 0.047228
0 0.124861 0.202259 0.033445 0.051335
0 0.496098 0.717659 0.020067 0.034908
0 0.586957 0.674538 0.023411 0.022587
0 0.655518 0.650924 0.015608 0.032854
0 0.622631 0.435318 0.050167 0.065708
